Scene: Untitled
GameObjects:
  - Name: MySquare
    InstanceID: 15
    UUID: 3097009515460959776
    TransformComponent:
      Translation: [0, -1, 0]
      Rotation: [0, 0, 0]
      Scale: [5.99999952, 0.100000001, 0.999999821]
    SpriteRendererComponent:
      Color: [0.100000001, 0.800000012, 0.100000001, 1]
    Rigidbody2DComponent:
      Type: 0
      Extents: [3, 0.0500000007]
  - Name: MainCamera
    InstanceID: 16
    UUID: 14059031507487531521
    TransformComponent:
      Translation: [0.300000012, 0, 0]
      Rotation: [0, 0, 0]
      Scale: [1, 1, 1]
    CameraComponent:
      ProjectionType: 1
      PerspectiveFOV: 0.785398185
      PerspectiveNear: 0.00999999978
      PerspectiveFar: 1000
      OrthographicSize: 10
      OrthographicNear: -1
      OrthographicFar: 1
      FixedAspectRatio: false
  - Name: MySquare2
    InstanceID: 17
    UUID: 142376502195243801
    TransformComponent:
      Translation: [0, 1.25171769, 0]
      Rotation: [0, 0, 0.52359879]
      Scale: [0.999997795, 0.999997795, 1]
    SpriteRendererComponent:
      Color: [0.800000012, 0.100000001, 0.100000001, 1]
    Rigidbody2DComponent:
      Type: 1
      Extents: [0.5, 0.5]