Scene: Untitled
GameObjects:
  - Name: MySquare
    InstanceID: 10
    TransformComponent:
      Translation: [-0.5, -2.48730278, 0]
      Rotation: [0, 0.69999969, 0]
      Scale: [5.99999952, 0.100000001, 0.999999821]
    SpriteRendererComponent:
      Color: [0.100000001, 0.800000012, 0.100000001, 1]
    Rigidbody2DComponent:
      Type: 0
  - Name: MainCamera
    InstanceID: 11
    TransformComponent:
      Translation: [0.300000012, 0, 0]
      Rotation: [0, 0, 0]
      Scale: [1, 1, 1]
    CameraComponent:
      ProjectionType: 1
      PerspectiveFOV: 0.785398185
      PerspectiveNear: 0.00999999978
      PerspectiveFar: 1000
      OrthographicSize: 10
      OrthographicNear: -1
      OrthographicFar: 1
      FixedAspectRatio: false
  - Name: MySquare2
    InstanceID: 12
    TransformComponent:
      Translation: [0.237571791, 1.25171769, 0]
      Rotation: [0, 0, -0.000211079343]
      Scale: [0.999997795, 0.999997795, 1]
    SpriteRendererComponent:
      Color: [0.800000012, 0.100000001, 0.100000001, 1]
    Rigidbody2DComponent:
      Type: 1